function [] = level_data

levels = [
    '1[1]S'; %1
    '2[1]S'; %2
    '2[3]S'; %3
    '2[1]P'; %4
    '2[3]P'; %5
    '3[1]S'; %6
    '3[3]S'; %7
    '3[1]P'; %8
    '3[3]P'; %9
    '3[1]D'; %10
    '3[3]D'; %11
    '4[1]S'; %12
    '4[3]S'; %13
    '4[1]P'; %14
    '4[3]P'; %15
    '4[1]D'; %16
    '4[3]D'; %17
    '4[1]F'; %18
    '4[3]F'; %19
    'gte 5']; %20

coeffs_allowed = [
    1   4   7.087E-1    -9.347E-2   -1.598  2.986   -1.293  3.086E-1;
    1   8   1.730E-1    2.410E-2    -4.709E-1   7.69E-1 -3.216E-1   8.568E-1;
    1   14  6.923E-2    6.893E-3    -2.079E-1   3.508E-1    -1.497E-1   4.280E-2;
    2   4   3.404E1 7.267E1 1.710E2 -7.033E2    4.704E2 1.194E1;
    2   8   3.336   -1.147  -4.889  2.023   -1.336E1    1.059;
    2   14  8.826E-1    -3.618E-1   -1.231  5.606   -3.985  5.89;
    4   6   4.604   -2.204  -1.093E1    3.893E1 -2.44E1 5.612;
    4   10  6.255E1 4.458E1 -2.409E2    4.069E2 4.069E2 -1.955E2    1.055E1;
    4   12  5.545E-1    -4.4E-4 -6.36E-1    1.785   -4.656E-1   3.675;
    4   16  7.910   9.449   -4.534E1    7.295E1 -3.374E1    5.963;
    ];